Time(Seconds),Length(Seconds),Label(string),Confidence(double),Comment(string)
3.12E-05,28.032531300000002,background,1,
28.0325625,1.1772804000000008,background,1,
29.2098429,0.7008912999999977,wake,1,
29.9107342,0.2751349999999988,background,1,
30.1858692,0.7008912999999977,wake,1,
30.886760499999998,0.27874920000000003,background,1,
31.165509699999998,0.7008912999999977,wake,1,
31.866400999999996,0.34566850000000215,background,1,
32.2120695,0.7008912999999977,wake,1,
32.91296079999999,0.4992064000000056,background,1,
33.4121672,0.6398946999999977,wake,1,
34.0520619,0.3780431000000064,background,1,
34.430105000000005,0.6311808999999977,wake,1,
35.0612859,0.462791100000004,background,1,
35.524077000000005,0.6616791999999977,wake,1,
36.1857562,0.3606859,background,1,
36.5464421,0.6442515999999977,wake,1,
37.1906937,0.38479730000000245,background,1,
37.575491,0.7008912999999977,wake,1,
38.276382299999995,0.35442510000000027,background,1,
38.630807399999995,0.6616791999999977,wake,1,
39.29248659999999,0.41396060000001,background,1,
39.7064472,0.6224670999999977,wake,1,
40.328914299999994,0.43711880000000747,background,1,
40.7660331,0.6137532999999977,wake,1,
41.3797864,0.4366283000000024,background,1,
41.8164147,0.6181101999999976,wake,1,
42.4345249,0.4404356000000007,background,1,
42.8749605,0.6355377999999977,wake,1,
43.510498299999995,0.3574650000000048,background,1,
43.8679633,0.7008912999999977,wake,1,
44.568854599999995,0.29433980000000304,background,1,
44.8631944,0.5527566999999977,wake,1,
45.415951099999994,0.41330960000000516,background,1,
45.8292607,0.6347392999999997,wake,1,
