Time(Seconds),Length(Seconds),Label(string),Confidence(double),Comment(string)
0,0.39808909999999864,wake,1,
0.39808909999999864,0.42385220000000134,background,1,
0.8219413,0.6611538999999987,wake,1,
1.4830951999999988,0.420794400000001,background,1,
1.9038895999999998,0.6611538999999987,wake,1,
2.5650434999999985,0.41152930000000154,background,1,
2.9765728,0.6611538999999987,wake,1,
3.6377266999999986,0.42024940000000166,background,1,
4.0579761,0.6747606999999988,wake,1,
4.732736799999999,0.4658300000000013,background,1,
5.1985668,0.6611538999999987,wake,1,
5.859720699999999,0.4067734000000014,background,1,
6.2664941,0.6611538999999987,wake,1,
6.927647999999999,0.4298547000000017,background,1,
7.3575027,0.6611538999999987,wake,1,
8.0186566,0.3375705999999994,background,1,
8.3562272,0.6611538999999987,wake,1,
9.017381099999998,0.4474303000000024,background,1,
9.4648114,0.6611538999999987,wake,1,
10.125965299999999,0.5207015000000013,background,1,
10.6466668,0.6611538999999987,wake,1,
11.307820699999999,0.5421111000000014,background,1,
11.8499318,0.6611538999999987,wake,1,
12.511085699999999,0.5495139000000009,background,1,
13.0605996,0.6611538999999987,wake,1,
13.721753499999998,0.5564155000000017,background,1,
14.278169,0.6611538999999987,wake,1,
14.939322899999999,0.39307340000000046,background,1,
15.3323963,0.6611538999999987,wake,1,
15.993550199999998,0.34784330000000097,background,1,
16.3413935,0.6611538999999987,wake,1,
17.002547399999997,0.3391100000000016,background,1,
17.3416574,0.6611538999999987,wake,1,
18.002811299999998,0.3208626999999993,background,1,
18.323673999999997,0.6611538999999987,wake,1,
18.984827899999996,0.3071755000000067,background,1,
19.292003400000002,0.6611538999999987,wake,1,
19.9531573,0.29637130000000056,background,1,
20.2495286,0.6611538999999987,wake,1,
20.9106825,0.27961309999999884,background,1,
21.1902956,0.6611538999999987,wake,1,
21.851449499999998,0.2712722000000021,background,1,
22.1227217,0.6611538999999987,wake,1,
22.7838756,0.35576830000000115,background,1,
23.1396439,0.6611538999999987,wake,1,
23.800797799999998,0.17201220000000106,background,1,
23.97281,0.6611538999999987,wake,1,
24.633963899999998,0.22577450000000354,background,1,
24.8597384,0.6611538999999987,wake,1,
25.5208923,18.447107700000004,background,1,
