Time(Seconds),Length(Seconds),Label(string),Confidence(double),Comment(string)
0,0.6750806,background,1,
0.6750806,0.551766500000002,wake,1,
1.226847100000002,0.3579094999999979,background,1,
1.5847566,0.551766500000002,wake,1,
2.136523100000002,0.4215191999999979,background,1,
2.5580423,0.551766500000002,wake,1,
3.109808800000002,0.38807889999999823,background,1,
3.4978877,0.551766500000002,wake,1,
4.049654200000003,0.4132309999999979,background,1,
4.4628852000000006,0.551766500000002,wake,1,
5.014651700000003,0.4616454999999968,background,1,
5.476297199999999,0.551766500000002,wake,1,
6.0280637000000015,0.4363784999999991,background,1,
6.464442200000001,0.551766500000002,wake,1,
7.016208700000003,0.41586089999999665,background,1,
7.432069599999999,0.551766500000002,wake,1,
7.983836100000001,0.44450029999999785,background,1,
8.4283364,0.551766500000002,wake,1,
8.980102900000002,0.48145999999999844,background,1,
9.4615629,0.551766500000002,wake,1,
10.013329400000003,0.4612136999999965,background,1,
10.4745431,0.551766500000002,wake,1,
11.026309600000001,0.4895229999999984,background,1,
11.5158326,0.551766500000002,wake,1,
12.067599100000002,0.44328419999999724,background,1,
12.5108833,0.6208018000000021,wake,1,
13.131685100000002,0.387784899999998,background,1,
13.51947,0.6329845000000021,wake,1,
14.152454500000003,0.44472569999999756,background,1,
14.5971802,0.5842537000000021,wake,1,
15.181433900000002,0.38355989999999807,background,1,
15.5649938,0.47054850000000203,wake,1,
16.035542300000003,0.5179198999999954,background,1,
16.5534622,0.551766500000002,wake,1,
17.1052287,0.4834360999999987,background,1,
17.5886648,0.551766500000002,wake,1,
18.140431300000003,0.4083441999999984,background,1,
18.5487755,0.551766500000002,wake,1,
19.100542000000004,0.36983849999999663,background,1,
19.4703805,0.600497300000002,wake,1,
20.0708778,0.408226599999999,background,1,
20.4791044,0.641106300000002,wake,1,
21.1202107,0.3829034999999976,background,1,
21.5031142,0.600497300000002,wake,1,
22.1036115,0.40012439999999927,background,1,
22.5037359,0.604558200000002,wake,1,
23.108294100000002,0.36795669999999703,background,1,
23.4762508,0.600497300000002,wake,1,
24.0767481,0.3960733000000012,background,1,
24.4728214,0.641106300000002,wake,1,
25.1139277,0.38458599999999876,background,1,
25.4985137,0.6735935000000021,wake,1,
26.172107200000003,25.7958928,background,1,
