Time(Seconds),Length(Seconds),Label(string),Confidence(double),Comment(string)
0,0.8077654000000001,background,1,
0.8077654000000001,0.5927705000000026,wake,1,
1.4005359000000026,0.2957444999999974,background,1,
1.6962804,0.5833273000000027,wake,1,
2.279607700000003,0.386994499999997,background,1,
2.6666022,0.5927705000000026,wake,1,
3.2593727000000023,0.32573799999999764,background,1,
3.5851107,0.5502761000000026,wake,1,
4.135386800000003,0.461511899999997,background,1,
4.5968987,0.5927705000000026,wake,1,
5.189669200000003,0.5188602999999974,background,1,
5.7085295,0.5927705000000026,wake,1,
6.301300000000003,0.36704979999999665,background,1,
6.6683498,0.5077817000000027,wake,1,
7.176131500000002,0.4672503999999975,background,1,
7.6433819,0.5927705000000026,wake,1,
8.236152400000002,0.5329911999999979,background,1,
8.7691436,0.5927705000000026,wake,1,
9.361914100000002,0.43796159999999773,background,1,
9.7998757,0.5927705000000026,wake,1,
10.392646200000001,0.363420399999999,background,1,
10.7560666,0.5313897000000026,wake,1,
11.287456300000002,0.5087372999999982,background,1,
11.7961936,0.5549977000000026,wake,1,
12.351191300000004,0.42945499999999726,background,1,
12.7806463,0.5927705000000026,wake,1,
13.373416800000003,0.5848044999999971,background,1,
13.9582213,0.5927705000000026,wake,1,
14.550991800000002,0.3810519999999986,background,1,
14.9320438,0.5927705000000026,wake,1,
15.524814300000003,0.4434954999999974,background,1,
15.9683098,0.4983385000000026,wake,1,
16.466648300000003,0.5049553999999965,background,1,
16.9716037,0.5927705000000026,wake,1,
17.564374200000003,0.38146369999999763,background,1,
17.9458379,0.8619017000000027,wake,1,
18.807739600000005,0.2732805999999961,background,1,
19.0810202,0.5927705000000026,wake,1,
19.673790700000005,0.41451309999999353,background,1,
20.0883038,0.5691625000000027,wake,1,
20.657466300000003,0.4804879999999976,background,1,
21.1379543,0.5927705000000026,wake,1,
21.730724800000004,0.4670469999999973,background,1,
22.1977718,0.5927705000000026,wake,1,
22.790542300000006,0.3634203999999954,background,1,
23.1539627,0.5927705000000026,wake,1,
23.746733200000005,0.4333542999999942,background,1,
24.1800875,0.5927705000000026,wake,1,
24.772858000000003,0.3869718999999954,background,1,
25.1598299,0.5927705000000026,wake,1,
25.752600400000002,0.42347039999999936,background,1,
26.1760708,0.5927705000000026,wake,1,
26.768841300000005,0.3681306999999947,background,1,
27.136972,0.6447081000000027,wake,1,
27.781680100000003,0.3632960999999959,background,1,
28.1449762,0.6777593000000026,wake,1,
28.8227355,0.2872345000000003,background,1,
29.10997,0.7485833000000026,wake,1,
29.858553300000004,25.117446699999995,background,1,
