Time,Duration,unlabelled,background,wake
0.0,6.0600000000000005,0.0,0.0,1.0
0.1,6.0600000000000005,1.0,0.0,1.0
0.2,6.0600000000000005,1.0,1.0,1.0
0.3,6.0600000000000005,1.0,1.0,1.0
0.4,6.0600000000000005,1.0,1.0,1.0
0.5,6.0600000000000005,1.0,1.0,1.0
0.6,6.0600000000000005,1.0,1.0,1.0
0.7,6.0600000000000005,1.0,1.0,1.0
0.8,6.0600000000000005,1.0,1.0,1.0
0.9,6.0600000000000005,1.0,1.0,1.0
1.0,6.0600000000000005,1.0,1.0,1.0
1.1,6.0600000000000005,1.0,1.0,1.0
1.2,6.0600000000000005,1.0,1.0,1.0
1.3,6.0600000000000005,1.0,1.0,1.0
1.4,6.0600000000000005,1.0,1.0,1.0
1.5,6.0600000000000005,1.0,1.0,1.0
1.6,6.0600000000000005,1.0,1.0,1.0
1.7,6.0600000000000005,1.0,1.0,1.0
1.8,6.0600000000000005,1.0,1.0,1.0
1.9,6.0600000000000005,1.0,1.0,1.0
2.0,6.0600000000000005,1.0,1.0,1.0
2.0219,6.0600000000000005,1.0,1.0,1.0
2.1,6.0600000000000005,1.0,1.0,1.0
2.1219,6.0600000000000005,1.0,1.0,1.0
2.2,6.0600000000000005,1.0,1.0,1.0
2.2219,6.0600000000000005,1.0,1.0,1.0
2.3,6.0600000000000005,1.0,1.0,1.0
2.3219,6.0600000000000005,1.0,1.0,1.0
2.4,6.0600000000000005,1.0,1.0,1.0
2.4219,6.0600000000000005,1.0,1.0,1.0
2.5,6.0600000000000005,1.0,1.0,1.0
2.5219,6.0600000000000005,1.0,1.0,1.0
2.6,6.0600000000000005,1.0,1.0,1.0
2.6219,6.0600000000000005,1.0,1.0,1.0
2.7,6.0600000000000005,1.0,1.0,1.0
2.7219,6.0600000000000005,1.0,1.0,1.0
2.8,6.0600000000000005,1.0,1.0,1.0
2.8219,6.0600000000000005,1.0,1.0,1.0
2.9,6.0600000000000005,1.0,1.0,1.0
2.9219,6.0600000000000005,1.0,1.0,1.0
3.0,6.0600000000000005,1.0,1.0,1.0
3.0219,6.0600000000000005,1.0,1.0,1.0
3.1,6.0600000000000005,1.0,1.0,1.0
3.1219,6.0600000000000005,1.0,1.0,1.0
3.2,6.0600000000000005,1.0,1.0,1.0
3.2219,6.0600000000000005,1.0,1.0,1.0
3.3,6.0600000000000005,1.0,1.0,1.0
3.3219,6.0600000000000005,1.0,1.0,1.0
3.4,6.0600000000000005,1.0,1.0,1.0
3.4219,6.0600000000000005,1.0,1.0,1.0
3.5,6.0600000000000005,1.0,1.0,1.0
3.5219,6.0600000000000005,1.0,1.0,1.0
3.6,6.0600000000000005,1.0,1.0,1.0
3.6219,6.0600000000000005,1.0,1.0,1.0
3.7,6.0600000000000005,1.0,1.0,1.0
3.7219,6.0600000000000005,1.0,1.0,1.0
3.8,6.0600000000000005,1.0,1.0,1.0
3.8219,6.0600000000000005,1.0,1.0,1.0
3.9,6.0600000000000005,1.0,1.0,1.0
3.9219,6.0600000000000005,1.0,1.0,1.0
4.0,6.0600000000000005,1.0,1.0,1.0
4.0219,6.0600000000000005,1.0,1.0,1.0
4.1,6.0600000000000005,1.0,1.0,1.0
4.1219,6.0600000000000005,1.0,1.0,1.0
4.2,6.0600000000000005,1.0,1.0,1.0
4.2219,6.0600000000000005,1.0,1.0,1.0
4.3,6.0600000000000005,1.0,1.0,1.0
4.3219,6.0600000000000005,1.0,1.0,1.0
4.4,6.0600000000000005,1.0,1.0,1.0
4.4219,6.0600000000000005,1.0,1.0,1.0
4.5,6.0600000000000005,1.0,1.0,1.0
4.5219,6.0600000000000005,1.0,1.0,1.0
4.6,6.0600000000000005,1.0,1.0,1.0
4.6219,6.0600000000000005,1.0,1.0,1.0
4.7,6.0600000000000005,1.0,1.0,1.0
4.7219,6.0600000000000005,1.0,1.0,1.0
4.8,6.0600000000000005,1.0,1.0,1.0
4.8219,6.0600000000000005,1.0,1.0,1.0
4.9,6.0600000000000005,1.0,1.0,1.0
4.9219,6.0600000000000005,1.0,1.0,1.0
5.0,6.0600000000000005,1.0,1.0,1.0
5.0219,6.0600000000000005,1.0,1.0,1.0
5.1,6.0600000000000005,1.0,1.0,1.0
5.1219,6.0600000000000005,1.0,1.0,1.0
5.2,6.0600000000000005,1.0,1.0,1.0
5.2219,6.0600000000000005,1.0,1.0,1.0
5.3,6.0600000000000005,1.0,1.0,1.0
5.3219,6.0600000000000005,1.0,1.0,1.0
5.4,6.0600000000000005,1.0,1.0,1.0
5.4219,6.0600000000000005,1.0,1.0,1.0
5.5,6.0600000000000005,1.0,1.0,1.0
5.5219,6.0600000000000005,1.0,1.0,1.0
5.6,6.0600000000000005,1.0,1.0,1.0
5.6219,6.0600000000000005,1.0,1.0,1.0
5.7,6.0600000000000005,1.0,1.0,1.0
5.7219,6.0600000000000005,1.0,1.0,1.0
5.8,6.0600000000000005,1.0,1.0,1.0
5.8219,6.0600000000000005,1.0,1.0,1.0
5.9,6.0600000000000005,1.0,1.0,1.0
5.9219,6.0600000000000005,1.0,1.0,1.0
6.0,6.0600000000000005,1.0,1.0,1.0
6.0219,6.0600000000000005,1.0,1.0,1.0
6.1,6.0600000000000005,1.0,1.0,1.0
6.1219,6.0600000000000005,1.0,1.0,1.0
6.2,6.0600000000000005,1.0,1.0,1.0
6.2219,6.0600000000000005,1.0,1.0,1.0
6.3,6.0600000000000005,1.0,1.0,1.0
6.3219,6.0600000000000005,1.0,1.0,1.0
6.4,6.0600000000000005,1.0,1.0,1.0
6.4219,6.0600000000000005,1.0,1.0,1.0
6.5,6.0600000000000005,1.0,1.0,1.0
6.5219,6.0600000000000005,1.0,1.0,1.0
6.6,6.0600000000000005,1.0,1.0,1.0
6.6219,6.0600000000000005,1.0,1.0,1.0
6.7,6.0600000000000005,1.0,1.0,1.0
6.7219,6.0600000000000005,1.0,1.0,1.0
6.8,6.0600000000000005,1.0,1.0,1.0
6.8219,6.0600000000000005,1.0,1.0,1.0
6.9,6.0600000000000005,1.0,1.0,1.0
6.9219,6.0600000000000005,1.0,1.0,1.0
7.0,6.0600000000000005,1.0,1.0,1.0
7.0219,6.0600000000000005,1.0,1.0,1.0
7.1,6.0600000000000005,1.0,1.0,1.0
7.1219,6.0600000000000005,1.0,1.0,1.0
7.2,6.0600000000000005,1.0,1.0,1.0
7.2219,6.0600000000000005,1.0,1.0,1.0
7.3,6.0600000000000005,1.0,1.0,1.0
7.3219,6.0600000000000005,1.0,1.0,1.0
7.4,6.0600000000000005,1.0,1.0,1.0
7.4219,6.0600000000000005,1.0,1.0,1.0
7.5,6.0600000000000005,1.0,1.0,1.0
7.5219,6.0600000000000005,1.0,1.0,1.0
7.6,6.0600000000000005,1.0,1.0,1.0
7.6219,6.0600000000000005,1.0,1.0,1.0
7.7,6.0600000000000005,1.0,1.0,1.0
7.7219,6.0600000000000005,1.0,1.0,1.0
7.8,6.0600000000000005,1.0,1.0,1.0
7.8219,6.0600000000000005,1.0,1.0,1.0
7.9,6.0600000000000005,1.0,1.0,1.0
7.9219,6.0600000000000005,1.0,1.0,1.0
8.0,6.0600000000000005,1.0,1.0,1.0
8.0219,6.0600000000000005,1.0,1.0,1.0
8.1,6.0600000000000005,1.0,1.0,1.0
8.1219,6.0600000000000005,1.0,1.0,1.0
8.2,6.0600000000000005,1.0,1.0,1.0
8.2219,6.0600000000000005,1.0,1.0,1.0
8.3,6.0600000000000005,1.0,1.0,1.0
8.3219,6.0600000000000005,1.0,1.0,1.0
8.4,6.0600000000000005,1.0,1.0,1.0
8.4219,6.0600000000000005,1.0,1.0,1.0
8.5,6.0600000000000005,1.0,1.0,1.0
8.5219,6.0600000000000005,1.0,1.0,1.0
8.6,6.0600000000000005,1.0,1.0,1.0
8.6219,6.0600000000000005,1.0,1.0,1.0
8.7,6.0600000000000005,1.0,1.0,1.0
8.7219,6.0600000000000005,1.0,1.0,1.0
8.8,6.0600000000000005,1.0,1.0,1.0
8.8219,6.0600000000000005,1.0,1.0,1.0
8.9,6.0600000000000005,1.0,1.0,1.0
8.9219,6.0600000000000005,1.0,1.0,1.0
9.0,6.0600000000000005,1.0,1.0,1.0
9.0219,6.0600000000000005,1.0,1.0,1.0
9.1,6.0600000000000005,1.0,1.0,1.0
9.1219,6.0600000000000005,1.0,1.0,1.0
9.2,6.0600000000000005,1.0,1.0,1.0
9.2219,6.0600000000000005,1.0,1.0,1.0
9.3,6.0600000000000005,1.0,1.0,1.0
9.3219,6.0600000000000005,1.0,1.0,1.0
9.4,6.0600000000000005,1.0,1.0,1.0
9.4219,6.0600000000000005,1.0,1.0,1.0
9.5,6.0600000000000005,1.0,1.0,1.0
9.5219,6.0600000000000005,1.0,1.0,1.0
9.6,6.0600000000000005,1.0,1.0,1.0
9.6219,6.0600000000000005,1.0,1.0,1.0
9.7,6.0600000000000005,1.0,1.0,1.0
9.7219,6.0600000000000005,1.0,1.0,1.0
9.8,6.0600000000000005,1.0,1.0,1.0
9.8219,6.0600000000000005,1.0,1.0,1.0
9.9,6.0600000000000005,1.0,1.0,1.0
9.9219,6.0600000000000005,1.0,1.0,1.0
10.0,6.0600000000000005,1.0,1.0,1.0
10.0219,6.0600000000000005,1.0,1.0,1.0
10.1,6.0600000000000005,1.0,1.0,1.0
10.1219,6.0600000000000005,1.0,1.0,1.0
10.2,6.0600000000000005,1.0,1.0,1.0
10.2219,6.0600000000000005,1.0,1.0,1.0
10.3,6.0600000000000005,1.0,1.0,1.0
10.3219,6.0600000000000005,1.0,1.0,1.0
10.4,6.0600000000000005,1.0,1.0,1.0
10.4219,6.0600000000000005,1.0,1.0,1.0
10.5,6.0600000000000005,1.0,1.0,1.0
10.5219,6.0600000000000005,1.0,1.0,1.0
10.6,6.0600000000000005,1.0,1.0,1.0
10.6219,6.0600000000000005,1.0,1.0,1.0
10.7,6.0600000000000005,1.0,1.0,1.0
10.7219,6.0600000000000005,1.0,1.0,1.0
10.8,6.0600000000000005,1.0,1.0,1.0
10.8219,6.0600000000000005,1.0,1.0,1.0
10.9,6.0600000000000005,1.0,1.0,1.0
10.9219,6.0600000000000005,1.0,1.0,1.0
11.0,6.0600000000000005,1.0,1.0,1.0
11.0219,6.0600000000000005,1.0,1.0,1.0
11.1,6.0600000000000005,1.0,1.0,1.0
11.1219,6.0600000000000005,1.0,1.0,1.0
11.2,6.0600000000000005,1.0,1.0,1.0
11.2219,6.0600000000000005,1.0,1.0,1.0
11.3,6.0600000000000005,1.0,1.0,1.0
11.3219,6.0600000000000005,1.0,1.0,1.0
11.4,6.0600000000000005,1.0,1.0,1.0
11.4219,6.0600000000000005,1.0,1.0,1.0
11.5,6.0600000000000005,1.0,1.0,1.0
11.5219,6.0600000000000005,1.0,1.0,1.0
11.6,6.0600000000000005,1.0,1.0,1.0
11.6219,6.0600000000000005,1.0,1.0,1.0
11.7,6.0600000000000005,1.0,1.0,1.0
11.7219,6.0600000000000005,1.0,1.0,1.0
11.8,6.0600000000000005,1.0,1.0,1.0
11.8219,6.0600000000000005,1.0,1.0,1.0
11.9,6.0600000000000005,1.0,1.0,1.0
11.9219,6.0600000000000005,1.0,1.0,1.0
12.0,6.0600000000000005,1.0,1.0,1.0
12.0219,6.0600000000000005,1.0,1.0,1.0
12.1,6.0600000000000005,1.0,1.0,1.0
12.1219,6.0600000000000005,1.0,1.0,1.0
12.2,6.0600000000000005,1.0,1.0,1.0
12.2219,6.0600000000000005,1.0,1.0,1.0
12.3,6.0600000000000005,1.0,1.0,1.0
12.3219,6.0600000000000005,1.0,1.0,1.0
12.4,6.0600000000000005,1.0,1.0,1.0
12.4219,6.0600000000000005,1.0,1.0,1.0
12.5,6.0600000000000005,1.0,1.0,1.0
12.5219,6.0600000000000005,1.0,1.0,1.0
12.6,6.0600000000000005,1.0,1.0,1.0
12.6219,6.0600000000000005,1.0,1.0,1.0
12.7,6.0600000000000005,1.0,1.0,1.0
12.7219,6.0600000000000005,1.0,1.0,1.0
12.8,6.0600000000000005,1.0,1.0,1.0
12.8219,6.0600000000000005,1.0,1.0,1.0
12.9,6.0600000000000005,1.0,1.0,1.0
12.9219,6.0600000000000005,1.0,1.0,1.0
13.0,6.0600000000000005,1.0,1.0,1.0
13.0219,6.0600000000000005,1.0,1.0,1.0
13.1,6.0600000000000005,1.0,1.0,1.0
13.1219,6.0600000000000005,1.0,1.0,1.0
13.2,6.0600000000000005,1.0,1.0,1.0
13.2219,6.0600000000000005,1.0,1.0,1.0
13.3,6.0600000000000005,1.0,1.0,1.0
13.3219,6.0600000000000005,1.0,1.0,1.0
13.4,6.0600000000000005,1.0,1.0,1.0
13.4219,6.0600000000000005,1.0,1.0,1.0
13.5,6.0600000000000005,1.0,1.0,1.0
13.5219,6.0600000000000005,1.0,1.0,1.0
13.6,6.0600000000000005,1.0,1.0,1.0
13.6219,6.0600000000000005,1.0,1.0,1.0
13.7,6.0600000000000005,1.0,1.0,1.0
13.7219,6.0600000000000005,1.0,1.0,1.0
13.8,6.0600000000000005,1.0,1.0,1.0
13.8219,6.0600000000000005,1.0,1.0,1.0
13.9,6.0600000000000005,1.0,1.0,1.0
13.9219,6.0600000000000005,1.0,1.0,1.0
14.0,6.0600000000000005,1.0,1.0,1.0
14.0219,6.0600000000000005,1.0,1.0,1.0
14.1,6.0600000000000005,1.0,1.0,1.0
14.1219,6.0600000000000005,1.0,1.0,1.0
14.2,6.0600000000000005,1.0,1.0,1.0
14.2219,6.0600000000000005,1.0,1.0,1.0
14.3,6.0600000000000005,1.0,1.0,1.0
14.3219,6.0600000000000005,1.0,1.0,1.0
14.4,6.0600000000000005,1.0,1.0,1.0
14.4219,6.0600000000000005,1.0,1.0,1.0
14.5,6.0600000000000005,1.0,1.0,1.0
14.5219,6.0600000000000005,1.0,1.0,1.0
14.6,6.0600000000000005,1.0,1.0,1.0
14.6219,6.0600000000000005,1.0,1.0,1.0
14.7,6.0600000000000005,1.0,1.0,1.0
14.7219,6.0600000000000005,1.0,1.0,1.0
14.8,6.0600000000000005,1.0,1.0,1.0
14.8219,6.0600000000000005,1.0,1.0,1.0
14.9,6.0600000000000005,1.0,1.0,1.0
14.9219,6.0600000000000005,1.0,1.0,1.0
15.0,6.0600000000000005,1.0,1.0,1.0
15.0219,6.0600000000000005,1.0,1.0,1.0
15.1,6.0600000000000005,1.0,1.0,1.0
15.1219,6.0600000000000005,1.0,1.0,1.0
15.2,6.0600000000000005,1.0,1.0,1.0
15.2219,6.0600000000000005,1.0,1.0,1.0
15.3,6.0600000000000005,1.0,1.0,1.0
15.3219,6.0600000000000005,1.0,1.0,1.0
15.4,6.0600000000000005,1.0,1.0,1.0
15.4219,6.0600000000000005,1.0,1.0,1.0
15.5,6.0600000000000005,1.0,1.0,1.0
15.5219,6.0600000000000005,1.0,1.0,1.0
15.6,6.0600000000000005,1.0,1.0,1.0
15.6219,6.0600000000000005,1.0,1.0,1.0
15.7,6.0600000000000005,1.0,1.0,1.0
15.7219,6.0600000000000005,1.0,1.0,1.0
15.8,6.0600000000000005,1.0,1.0,1.0
15.8219,6.0600000000000005,1.0,1.0,1.0
15.9,6.0600000000000005,1.0,1.0,1.0
15.9219,6.0600000000000005,1.0,1.0,1.0
16.0,6.0600000000000005,1.0,1.0,1.0
16.0219,6.0600000000000005,1.0,1.0,1.0
16.1,6.0600000000000005,1.0,1.0,1.0
16.1219,6.0600000000000005,1.0,1.0,1.0
16.2,6.0600000000000005,1.0,1.0,1.0
16.2219,6.0600000000000005,1.0,1.0,1.0
16.3,6.0600000000000005,1.0,1.0,1.0
16.3219,6.0600000000000005,1.0,1.0,1.0
16.4,6.0600000000000005,1.0,1.0,1.0
16.4219,6.0600000000000005,1.0,1.0,1.0
16.5,6.0600000000000005,1.0,1.0,1.0
16.5219,6.0600000000000005,1.0,1.0,1.0
16.6,6.0600000000000005,1.0,1.0,1.0
16.6219,6.0600000000000005,1.0,1.0,1.0
16.7,6.0600000000000005,1.0,1.0,1.0
16.7219,6.0600000000000005,1.0,1.0,1.0
16.8,6.0600000000000005,1.0,1.0,1.0
16.8219,6.0600000000000005,1.0,1.0,1.0
16.9,6.0600000000000005,1.0,1.0,1.0
16.9219,6.0600000000000005,1.0,1.0,1.0
17.0,6.0600000000000005,1.0,1.0,1.0
17.0219,6.0600000000000005,1.0,1.0,1.0
17.1,6.0600000000000005,1.0,1.0,1.0
17.1219,6.0600000000000005,1.0,1.0,1.0
17.2,6.0600000000000005,1.0,1.0,1.0
17.2219,6.0600000000000005,1.0,1.0,1.0
17.3,6.0600000000000005,1.0,1.0,1.0
17.3219,6.0600000000000005,1.0,1.0,1.0
17.4,6.0600000000000005,1.0,1.0,1.0
17.4219,6.0600000000000005,1.0,1.0,1.0
17.5,6.0600000000000005,1.0,1.0,1.0
17.5219,6.0600000000000005,1.0,1.0,1.0
17.6,6.0600000000000005,1.0,1.0,1.0
17.6219,6.0600000000000005,1.0,1.0,1.0
17.7,6.0600000000000005,1.0,1.0,1.0
17.7219,6.0600000000000005,1.0,1.0,1.0
17.8,6.0600000000000005,1.0,1.0,1.0
17.8219,6.0600000000000005,1.0,1.0,1.0
17.9,6.0600000000000005,1.0,1.0,1.0
17.9219,6.0600000000000005,1.0,1.0,1.0
18.0,6.0600000000000005,1.0,1.0,1.0
18.0219,6.0600000000000005,1.0,1.0,1.0
18.1,6.0600000000000005,1.0,1.0,1.0
18.1219,6.0600000000000005,1.0,1.0,1.0
18.2,6.0600000000000005,1.0,1.0,1.0
18.2219,6.0600000000000005,1.0,1.0,1.0
18.3,6.0600000000000005,1.0,1.0,1.0
18.3219,6.0600000000000005,1.0,1.0,1.0
18.4,6.0600000000000005,1.0,1.0,1.0
18.4219,6.0600000000000005,1.0,1.0,1.0
18.5,6.0600000000000005,1.0,1.0,1.0
18.5219,6.0600000000000005,1.0,1.0,1.0
18.6,6.0600000000000005,1.0,1.0,1.0
18.6219,6.0600000000000005,1.0,1.0,1.0
18.7,6.0600000000000005,1.0,1.0,1.0
18.7219,6.0600000000000005,1.0,1.0,1.0
18.8,6.0600000000000005,1.0,1.0,1.0
18.8219,6.0600000000000005,1.0,1.0,1.0
18.9,6.0600000000000005,1.0,1.0,1.0
18.9219,6.0600000000000005,1.0,1.0,1.0
19.0,6.0600000000000005,1.0,1.0,1.0
19.0219,6.0600000000000005,1.0,1.0,1.0
19.1,6.0600000000000005,1.0,1.0,1.0
19.1219,6.0600000000000005,1.0,1.0,1.0
19.2,6.0600000000000005,1.0,1.0,1.0
19.2219,6.0600000000000005,1.0,1.0,1.0
19.3,6.0600000000000005,1.0,1.0,1.0
19.3219,6.0600000000000005,1.0,1.0,1.0
19.4,6.0600000000000005,1.0,1.0,1.0
19.4219,6.0600000000000005,1.0,1.0,1.0
19.5,6.0600000000000005,1.0,1.0,1.0
19.5219,6.0600000000000005,1.0,1.0,1.0
19.6,6.0600000000000005,1.0,1.0,1.0
19.6219,6.0600000000000005,1.0,1.0,1.0
19.7,6.0600000000000005,1.0,1.0,1.0
19.7219,6.0600000000000005,1.0,1.0,1.0
19.8,6.0600000000000005,1.0,1.0,1.0
19.8219,6.0600000000000005,1.0,1.0,1.0
19.9,6.0600000000000005,1.0,1.0,1.0
19.9219,6.0600000000000005,1.0,1.0,1.0
20.0,6.0600000000000005,1.0,1.0,1.0
20.0219,6.0600000000000005,1.0,1.0,1.0
20.1,6.0600000000000005,1.0,1.0,1.0
20.1219,6.0600000000000005,1.0,1.0,1.0
20.2,6.0600000000000005,1.0,1.0,1.0
20.2219,6.0600000000000005,1.0,1.0,1.0
20.3,6.0600000000000005,1.0,1.0,1.0
20.3219,6.0600000000000005,1.0,1.0,1.0
20.4,6.0600000000000005,1.0,1.0,1.0
20.4219,6.0600000000000005,1.0,1.0,1.0
20.5,6.0600000000000005,1.0,1.0,1.0
20.5219,6.0600000000000005,1.0,1.0,1.0
20.6,6.0600000000000005,1.0,1.0,1.0
20.6219,6.0600000000000005,1.0,1.0,1.0
20.7,6.0600000000000005,1.0,1.0,1.0
20.7219,6.0600000000000005,1.0,1.0,1.0
20.8,6.0600000000000005,1.0,1.0,1.0
20.8219,6.0600000000000005,1.0,1.0,1.0
20.9,6.0600000000000005,1.0,1.0,1.0
20.9219,6.0600000000000005,1.0,1.0,1.0
21.0,6.0600000000000005,1.0,1.0,1.0
21.0219,6.0600000000000005,1.0,1.0,1.0
21.1,6.0600000000000005,1.0,1.0,1.0
21.1219,6.0600000000000005,1.0,1.0,1.0
21.2,6.0600000000000005,1.0,1.0,1.0
21.2219,6.0600000000000005,1.0,1.0,1.0
21.3,6.0600000000000005,1.0,1.0,1.0
21.3219,6.0600000000000005,1.0,1.0,1.0
21.4,6.0600000000000005,1.0,1.0,1.0
21.4219,6.0600000000000005,1.0,1.0,1.0
21.5,6.0600000000000005,1.0,1.0,1.0
21.5219,6.0600000000000005,1.0,1.0,1.0
21.6,6.0600000000000005,1.0,1.0,1.0
21.6219,6.0600000000000005,1.0,1.0,1.0
21.7,6.0600000000000005,1.0,1.0,1.0
21.7219,6.0600000000000005,1.0,1.0,1.0
21.8,6.0600000000000005,1.0,1.0,1.0
21.8219,6.0600000000000005,1.0,1.0,1.0
21.9,6.0600000000000005,1.0,1.0,1.0
21.9219,6.0600000000000005,1.0,1.0,1.0
22.0,6.0600000000000005,1.0,1.0,1.0
22.0219,6.0600000000000005,1.0,1.0,1.0
22.1,6.0600000000000005,1.0,1.0,1.0
22.1219,6.0600000000000005,1.0,1.0,1.0
22.2,6.0600000000000005,1.0,1.0,1.0
22.2219,6.0600000000000005,1.0,1.0,1.0
22.3,6.0600000000000005,1.0,1.0,1.0
22.3219,6.0600000000000005,1.0,1.0,1.0
22.4,6.0600000000000005,1.0,1.0,1.0
22.4219,6.0600000000000005,1.0,1.0,1.0
22.5,6.0600000000000005,1.0,1.0,1.0
22.5219,6.0600000000000005,1.0,1.0,1.0
22.6,6.0600000000000005,1.0,1.0,1.0
22.6219,6.0600000000000005,1.0,1.0,1.0
22.7,6.0600000000000005,1.0,1.0,1.0
22.7219,6.0600000000000005,1.0,1.0,1.0
22.8,6.0600000000000005,1.0,1.0,1.0
22.8219,6.0600000000000005,1.0,1.0,1.0
22.9,6.0600000000000005,1.0,1.0,1.0
22.9219,6.0600000000000005,1.0,1.0,1.0
23.0,6.0600000000000005,1.0,1.0,1.0
23.0219,6.0600000000000005,1.0,1.0,1.0
23.1,6.0600000000000005,1.0,1.0,1.0
23.1219,6.0600000000000005,1.0,1.0,1.0
23.2,6.0600000000000005,1.0,1.0,1.0
23.2219,6.0600000000000005,1.0,1.0,1.0
23.3,6.0600000000000005,1.0,1.0,1.0
23.3219,6.0600000000000005,1.0,1.0,1.0
23.4,6.0600000000000005,1.0,1.0,1.0
23.4219,6.0600000000000005,1.0,1.0,1.0
23.5,6.0600000000000005,1.0,1.0,1.0
23.5219,6.0600000000000005,1.0,1.0,1.0
23.6,6.0600000000000005,1.0,1.0,1.0
23.6219,6.0600000000000005,1.0,1.0,1.0
23.7,6.0600000000000005,1.0,1.0,1.0
23.7219,6.0600000000000005,1.0,1.0,1.0
23.8,6.0600000000000005,1.0,1.0,1.0
23.8219,6.0600000000000005,1.0,1.0,1.0
23.9,6.0600000000000005,1.0,1.0,1.0
23.9219,6.0600000000000005,1.0,1.0,1.0
24.0,6.0600000000000005,1.0,1.0,1.0
24.0219,6.0600000000000005,1.0,1.0,1.0
24.1,6.0600000000000005,1.0,1.0,1.0
24.1219,6.0600000000000005,1.0,1.0,1.0
24.2,6.0600000000000005,1.0,1.0,1.0
24.2219,6.0600000000000005,1.0,1.0,1.0
24.3,6.0600000000000005,1.0,1.0,1.0
24.3219,6.0600000000000005,1.0,1.0,1.0
24.4,6.0600000000000005,1.0,1.0,1.0
24.4219,6.0600000000000005,1.0,1.0,1.0
24.5,6.0600000000000005,1.0,1.0,1.0
24.5219,6.0600000000000005,1.0,1.0,1.0
24.6,6.0600000000000005,1.0,1.0,1.0
24.6219,6.0600000000000005,1.0,1.0,1.0
24.7,6.0600000000000005,1.0,1.0,1.0
24.7219,6.0600000000000005,1.0,1.0,1.0
24.8,6.0600000000000005,1.0,1.0,1.0
24.8219,6.0600000000000005,1.0,1.0,1.0
24.9,6.0600000000000005,1.0,1.0,1.0
24.9219,6.0600000000000005,1.0,1.0,1.0
25.0,6.0600000000000005,1.0,1.0,1.0
25.0219,6.0600000000000005,1.0,1.0,1.0
25.1,6.0600000000000005,1.0,1.0,1.0
25.1219,6.0600000000000005,1.0,1.0,1.0
25.2,6.0600000000000005,1.0,1.0,1.0
25.2219,6.0600000000000005,1.0,1.0,1.0
25.3,6.0600000000000005,1.0,1.0,1.0
25.3219,6.0600000000000005,1.0,1.0,1.0
25.4,6.0600000000000005,1.0,1.0,1.0
25.4219,6.0600000000000005,1.0,1.0,1.0
25.5,6.0600000000000005,1.0,1.0,1.0
25.5219,6.0600000000000005,1.0,1.0,1.0
25.6,6.0600000000000005,1.0,1.0,1.0
25.6219,6.0600000000000005,1.0,1.0,1.0
25.7,6.0600000000000005,1.0,1.0,1.0
25.7219,6.0600000000000005,1.0,1.0,1.0
25.8,6.0600000000000005,1.0,1.0,1.0
25.8219,6.0600000000000005,1.0,1.0,1.0
25.9,6.0600000000000005,1.0,1.0,1.0
25.9219,6.0600000000000005,1.0,1.0,1.0
26.0,6.0600000000000005,1.0,1.0,1.0
26.0219,6.0600000000000005,1.0,1.0,1.0
26.1,6.0600000000000005,1.0,1.0,1.0
26.1219,6.0600000000000005,1.0,1.0,1.0
26.2,6.0600000000000005,1.0,1.0,1.0
26.2219,6.0600000000000005,1.0,1.0,1.0
26.3,6.0600000000000005,1.0,1.0,0.0
26.3219,6.0600000000000005,1.0,1.0,0.0
26.4,6.0600000000000005,1.0,1.0,0.0
26.4219,6.0600000000000005,1.0,1.0,0.0
26.5,6.0600000000000005,1.0,1.0,0.0
26.5219,6.0600000000000005,1.0,1.0,0.0
26.6,6.0600000000000005,1.0,1.0,0.0
26.6219,6.0600000000000005,1.0,1.0,0.0
26.7,6.0600000000000005,1.0,1.0,0.0
26.7219,6.0600000000000005,1.0,1.0,0.0
26.8,6.0600000000000005,1.0,1.0,0.0
26.8219,6.0600000000000005,1.0,1.0,0.0
26.9,6.0600000000000005,1.0,1.0,0.0
26.9219,6.0600000000000005,1.0,1.0,0.0
27.0,6.0600000000000005,1.0,1.0,0.0
27.0219,6.0600000000000005,1.0,1.0,0.0
27.1,6.0600000000000005,1.0,1.0,0.0
27.1219,6.0600000000000005,1.0,1.0,0.0
27.2,6.0600000000000005,1.0,1.0,0.0
27.2219,6.0600000000000005,1.0,1.0,0.0
27.3,6.0600000000000005,1.0,1.0,0.0
27.3219,6.0600000000000005,1.0,1.0,0.0
27.4,6.0600000000000005,1.0,1.0,0.0
27.4219,6.0600000000000005,1.0,1.0,0.0
27.5,6.0600000000000005,0.0,1.0,0.0
27.5219,6.0600000000000005,0.0,1.0,0.0
27.6,6.0600000000000005,0.0,1.0,0.0
27.6219,6.0600000000000005,0.0,1.0,0.0
27.7,6.0600000000000005,0.0,1.0,0.0
27.7219,6.0600000000000005,0.0,1.0,0.0
27.8,6.0600000000000005,0.0,1.0,0.0
27.8219,6.0600000000000005,0.0,1.0,0.0
27.9,6.0600000000000005,0.0,1.0,0.0
27.9219,6.0600000000000005,0.0,1.0,0.0
28.0,6.0600000000000005,0.0,1.0,0.0
28.0219,6.0600000000000005,0.0,1.0,0.0
28.1,6.0600000000000005,0.0,1.0,0.0
28.1219,6.0600000000000005,0.0,1.0,0.0
28.2,6.0600000000000005,0.0,1.0,0.0
28.2219,6.0600000000000005,0.0,1.0,0.0
28.3,6.0600000000000005,0.0,1.0,0.0
28.3219,6.0600000000000005,0.0,1.0,0.0
28.4,6.0600000000000005,0.0,1.0,0.0
28.4219,6.0600000000000005,0.0,1.0,0.0
28.5,6.0600000000000005,0.0,1.0,0.0
28.5219,6.0600000000000005,0.0,1.0,0.0
28.6,6.0600000000000005,0.0,1.0,0.0
28.6219,6.0600000000000005,0.0,1.0,0.0
28.7,6.0600000000000005,0.0,1.0,0.0
28.7219,6.0600000000000005,0.0,1.0,0.0
28.8,6.0600000000000005,0.0,1.0,0.0
28.8219,6.0600000000000005,0.0,1.0,0.0
28.9,6.0600000000000005,0.0,1.0,0.0
28.9219,6.0600000000000005,0.0,1.0,0.0
29.0,6.0600000000000005,0.0,1.0,0.0
29.0219,6.0600000000000005,0.0,1.0,0.0
29.1,6.0600000000000005,0.0,1.0,0.0
29.1219,6.0600000000000005,0.0,1.0,0.0
29.2,6.0600000000000005,0.0,1.0,0.0
29.2219,6.0600000000000005,0.0,1.0,0.0
29.3,6.0600000000000005,0.0,1.0,0.0
29.3219,6.0600000000000005,0.0,1.0,0.0
29.4,6.0600000000000005,0.0,1.0,0.0
29.4219,6.0600000000000005,0.0,1.0,0.0
29.5,6.0600000000000005,0.0,1.0,0.0
29.5219,6.0600000000000005,0.0,1.0,0.0
29.6,6.0600000000000005,0.0,1.0,0.0
29.6219,6.0600000000000005,0.0,1.0,0.0
29.7,6.0600000000000005,0.0,1.0,0.0
29.7219,6.0600000000000005,0.0,1.0,0.0
29.8,6.0600000000000005,0.0,1.0,0.0
29.8219,6.0600000000000005,0.0,1.0,0.0
29.9,6.0600000000000005,0.0,1.0,0.0
29.9219,6.0600000000000005,0.0,1.0,0.0
30.0,6.0600000000000005,0.0,1.0,0.0
30.0219,6.0600000000000005,0.0,1.0,0.0
30.1,6.0600000000000005,0.0,1.0,0.0
30.1219,6.0600000000000005,0.0,1.0,0.0
30.2,6.0600000000000005,0.0,1.0,0.0
30.2219,6.0600000000000005,0.0,1.0,0.0
30.3,6.0600000000000005,0.0,1.0,0.0
30.3219,6.0600000000000005,0.0,1.0,0.0
30.4,6.0600000000000005,0.0,1.0,0.0
30.4219,6.0600000000000005,0.0,1.0,0.0
30.5,6.0600000000000005,0.0,1.0,0.0
30.5219,6.0600000000000005,0.0,1.0,0.0
30.6,6.0600000000000005,0.0,1.0,0.0
30.6219,6.0600000000000005,0.0,1.0,0.0
30.7,6.0600000000000005,0.0,1.0,0.0
30.7219,6.0600000000000005,0.0,1.0,0.0
30.8,6.0600000000000005,0.0,1.0,0.0
30.8219,6.0600000000000005,0.0,1.0,0.0
30.9,6.0600000000000005,0.0,1.0,0.0
30.9219,6.0600000000000005,0.0,1.0,0.0
31.0,6.0600000000000005,0.0,1.0,0.0
31.0219,6.0600000000000005,0.0,1.0,0.0
31.1,6.0600000000000005,0.0,1.0,0.0
31.1219,6.0600000000000005,0.0,1.0,0.0
31.2,6.0600000000000005,0.0,1.0,0.0
31.2219,6.0600000000000005,0.0,1.0,0.0
31.3,6.0600000000000005,0.0,1.0,0.0
31.3219,6.0600000000000005,0.0,1.0,0.0
31.4,6.0600000000000005,0.0,1.0,0.0
31.4219,6.0600000000000005,0.0,1.0,0.0
31.5,6.0600000000000005,0.0,1.0,0.0
31.5219,6.0600000000000005,0.0,1.0,0.0
31.6,6.0600000000000005,0.0,1.0,0.0
31.6219,6.0600000000000005,0.0,1.0,0.0
31.7,6.0600000000000005,0.0,1.0,0.0
31.7219,6.0600000000000005,0.0,1.0,0.0
31.8,6.0600000000000005,0.0,1.0,0.0
31.8219,6.0600000000000005,0.0,1.0,0.0
31.9,6.0600000000000005,0.0,1.0,0.0
31.9219,6.0600000000000005,0.0,1.0,0.0
32.0,6.0600000000000005,0.0,1.0,0.0
32.0219,6.0600000000000005,0.0,1.0,0.0
32.1,6.0600000000000005,0.0,1.0,0.0
32.1219,6.0600000000000005,0.0,1.0,0.0
32.2,6.0600000000000005,0.0,1.0,0.0
32.2219,6.0600000000000005,0.0,1.0,0.0
32.3,6.0600000000000005,0.0,1.0,0.0
32.3219,6.0600000000000005,0.0,1.0,0.0
32.4,6.0600000000000005,0.0,1.0,0.0
32.4219,6.0600000000000005,0.0,1.0,0.0
32.5,6.0600000000000005,0.0,1.0,0.0
32.5219,6.0600000000000005,0.0,1.0,0.0
32.6,6.0600000000000005,0.0,1.0,0.0
32.6219,6.0600000000000005,0.0,1.0,0.0
32.7,6.0600000000000005,0.0,1.0,0.0
32.7219,6.0600000000000005,0.0,1.0,0.0
32.8,6.0600000000000005,0.0,1.0,0.0
32.8219,6.0600000000000005,0.0,1.0,0.0
32.9,6.0600000000000005,0.0,1.0,0.0
32.9219,6.0600000000000005,0.0,1.0,0.0
33.0,6.0600000000000005,0.0,1.0,0.0
33.0219,6.0600000000000005,0.0,1.0,0.0
33.1,6.0600000000000005,0.0,1.0,0.0
33.1219,6.0600000000000005,0.0,1.0,0.0
33.2,6.0600000000000005,0.0,1.0,0.0
33.2219,6.0600000000000005,0.0,1.0,0.0
33.3,6.0600000000000005,0.0,1.0,0.0
33.3219,6.0600000000000005,0.0,1.0,0.0
33.4,6.0600000000000005,0.0,1.0,0.0
33.4219,6.0600000000000005,0.0,1.0,0.0
33.5,6.0600000000000005,0.0,1.0,0.0
33.5219,6.0600000000000005,0.0,1.0,0.0
33.6,6.0600000000000005,0.0,1.0,0.0
33.6219,6.0600000000000005,0.0,1.0,0.0
33.7,6.0600000000000005,0.0,1.0,0.0
33.7219,6.0600000000000005,0.0,1.0,0.0
33.8,6.0600000000000005,0.0,1.0,0.0
33.8219,6.0600000000000005,0.0,1.0,0.0
33.9,6.0600000000000005,0.0,1.0,0.0
33.9219,6.0600000000000005,0.0,1.0,0.0
34.0,6.0600000000000005,0.0,1.0,0.0
34.0219,6.0600000000000005,0.0,1.0,0.0
34.1,6.0600000000000005,0.0,1.0,0.0
34.1219,6.0600000000000005,0.0,1.0,0.0
34.2,6.0600000000000005,0.0,1.0,0.0
34.2219,6.0600000000000005,0.0,1.0,0.0
34.3,6.0600000000000005,0.0,1.0,0.0
34.3219,6.0600000000000005,0.0,1.0,0.0
34.4,6.0600000000000005,0.0,1.0,0.0
34.4219,6.0600000000000005,0.0,1.0,0.0
34.5,6.0600000000000005,0.0,1.0,0.0
34.5219,6.0600000000000005,0.0,1.0,0.0
34.6,6.0600000000000005,0.0,1.0,0.0
34.6219,6.0600000000000005,0.0,1.0,0.0
34.7,6.0600000000000005,0.0,1.0,0.0
34.7219,6.0600000000000005,0.0,1.0,0.0
34.8,6.0600000000000005,0.0,1.0,0.0
34.8219,6.0600000000000005,0.0,1.0,0.0
34.9,6.0600000000000005,0.0,1.0,0.0
34.9219,6.0600000000000005,0.0,1.0,0.0
35.0,6.0600000000000005,0.0,1.0,0.0
35.0219,6.0600000000000005,0.0,1.0,0.0
35.1,6.0600000000000005,0.0,1.0,0.0
35.1219,6.0600000000000005,0.0,1.0,0.0
35.2,6.0600000000000005,0.0,1.0,0.0
35.2219,6.0600000000000005,0.0,1.0,0.0
35.3,6.0600000000000005,0.0,1.0,0.0
35.3219,6.0600000000000005,0.0,1.0,0.0
35.4,6.0600000000000005,0.0,1.0,0.0
35.4219,6.0600000000000005,0.0,1.0,0.0
35.5,6.0600000000000005,0.0,1.0,0.0
35.5219,6.0600000000000005,0.0,1.0,0.0
35.6,6.0600000000000005,0.0,1.0,0.0
35.6219,6.0600000000000005,0.0,1.0,0.0
35.7,6.0600000000000005,0.0,1.0,0.0
35.7219,6.0600000000000005,0.0,1.0,0.0
35.8,6.0600000000000005,0.0,1.0,0.0
35.8219,6.0600000000000005,0.0,1.0,0.0
35.9,6.0600000000000005,0.0,1.0,0.0
35.9219,6.0600000000000005,0.0,1.0,0.0
36.0,6.0600000000000005,0.0,1.0,0.0
36.0219,6.0600000000000005,0.0,1.0,0.0
36.1,6.0600000000000005,0.0,1.0,0.0
36.1219,6.0600000000000005,0.0,1.0,0.0
36.2,6.0600000000000005,0.0,1.0,0.0
36.2219,6.0600000000000005,0.0,1.0,0.0
36.3,6.0600000000000005,0.0,1.0,0.0
36.3219,6.0600000000000005,0.0,1.0,0.0
36.4,6.0600000000000005,0.0,1.0,0.0
36.4219,6.0600000000000005,0.0,1.0,0.0
36.5,6.0600000000000005,0.0,1.0,0.0
36.5219,6.0600000000000005,0.0,1.0,0.0
36.6,6.0600000000000005,0.0,1.0,0.0
36.6219,6.0600000000000005,0.0,1.0,0.0
36.7,6.0600000000000005,0.0,1.0,0.0
36.7219,6.0600000000000005,0.0,1.0,0.0
36.8,6.0600000000000005,0.0,1.0,0.0
36.8219,6.0600000000000005,0.0,1.0,0.0
36.9,6.0600000000000005,0.0,1.0,0.0
36.9219,6.0600000000000005,0.0,1.0,0.0
37.0,6.0600000000000005,0.0,1.0,0.0
37.0219,6.0600000000000005,0.0,1.0,0.0
37.1,6.0600000000000005,0.0,1.0,0.0
37.1219,6.0600000000000005,0.0,1.0,0.0
37.2,6.0600000000000005,0.0,1.0,0.0
37.2219,6.0600000000000005,0.0,1.0,0.0
37.3,6.0600000000000005,0.0,1.0,0.0
37.3219,6.0600000000000005,0.0,1.0,0.0
37.4,6.0600000000000005,0.0,1.0,0.0
37.4219,6.0600000000000005,0.0,1.0,0.0
37.5,6.0600000000000005,0.0,1.0,0.0
37.5219,6.0600000000000005,0.0,1.0,0.0
37.6,6.0600000000000005,0.0,1.0,0.0
37.6219,6.0600000000000005,0.0,1.0,0.0
37.7,6.0600000000000005,0.0,1.0,0.0
37.7219,6.0600000000000005,0.0,1.0,0.0
37.8,6.0600000000000005,0.0,1.0,0.0
37.8219,6.0600000000000005,0.0,1.0,0.0
37.9,6.0600000000000005,0.0,1.0,0.0
37.9219,6.0600000000000005,0.0,1.0,0.0
38.0,6.0600000000000005,0.0,1.0,0.0
38.0219,6.0600000000000005,0.0,1.0,0.0
38.1,6.0600000000000005,0.0,1.0,0.0
38.1219,6.0600000000000005,0.0,1.0,0.0
38.2,6.0600000000000005,0.0,1.0,0.0
38.2219,6.0600000000000005,0.0,1.0,0.0
38.3,6.0600000000000005,0.0,1.0,0.0
38.3219,6.0600000000000005,0.0,1.0,0.0
38.4,6.0600000000000005,0.0,1.0,0.0
38.4219,6.0600000000000005,0.0,1.0,0.0
38.5,6.0600000000000005,0.0,1.0,0.0
38.5219,6.0600000000000005,0.0,1.0,0.0
38.6,6.0600000000000005,0.0,1.0,0.0
38.6219,6.0600000000000005,0.0,1.0,0.0
38.7,6.0600000000000005,0.0,1.0,0.0
38.7219,6.0600000000000005,0.0,1.0,0.0
38.8,6.0600000000000005,0.0,1.0,0.0
38.8219,6.0600000000000005,0.0,1.0,0.0
38.9,6.0600000000000005,0.0,1.0,0.0
38.9219,6.0600000000000005,0.0,1.0,0.0
39.0,6.0600000000000005,0.0,1.0,0.0
39.0219,6.0600000000000005,0.0,1.0,0.0
39.1,6.0600000000000005,0.0,1.0,0.0
39.1219,6.0600000000000005,0.0,1.0,0.0
39.2,6.0600000000000005,0.0,1.0,0.0
39.2219,6.0600000000000005,0.0,1.0,0.0
39.3,6.0600000000000005,0.0,1.0,0.0
39.3219,6.0600000000000005,0.0,1.0,0.0
39.4,6.0600000000000005,0.0,1.0,0.0
39.4219,6.0600000000000005,0.0,1.0,0.0
39.5,6.0600000000000005,0.0,1.0,0.0
39.5219,6.0600000000000005,0.0,1.0,0.0
39.6,6.0600000000000005,0.0,1.0,0.0
39.6219,6.0600000000000005,0.0,1.0,0.0
39.7,6.0600000000000005,0.0,1.0,0.0
39.7219,6.0600000000000005,0.0,1.0,0.0
39.8,6.0600000000000005,0.0,1.0,0.0
39.8219,6.0600000000000005,0.0,1.0,0.0
39.9,6.0600000000000005,0.0,1.0,0.0
39.9219,6.0600000000000005,0.0,1.0,0.0
40.0,6.0600000000000005,0.0,1.0,0.0
40.0219,6.0600000000000005,0.0,1.0,0.0
40.1,6.0600000000000005,0.0,1.0,0.0
40.1219,6.0600000000000005,0.0,1.0,0.0
40.2,6.0600000000000005,0.0,1.0,0.0
40.2219,6.0600000000000005,0.0,1.0,0.0
40.3,6.0600000000000005,0.0,1.0,0.0
40.3219,6.0600000000000005,0.0,1.0,0.0
40.4,6.0600000000000005,0.0,1.0,0.0
40.4219,6.0600000000000005,0.0,1.0,0.0
40.5,6.0600000000000005,0.0,1.0,0.0
40.5219,6.0600000000000005,0.0,1.0,0.0
40.6,6.0600000000000005,0.0,1.0,0.0
40.6219,6.0600000000000005,0.0,1.0,0.0
40.7,6.0600000000000005,0.0,1.0,0.0
40.7219,6.0600000000000005,0.0,1.0,0.0
40.8,6.0600000000000005,0.0,1.0,0.0
40.8219,6.0600000000000005,0.0,1.0,0.0
40.9,6.0600000000000005,0.0,1.0,0.0
40.9219,6.0600000000000005,0.0,1.0,0.0
41.0,6.0600000000000005,0.0,1.0,0.0
41.0219,6.0600000000000005,0.0,1.0,0.0
41.1,6.0600000000000005,0.0,1.0,0.0
41.1219,6.0600000000000005,0.0,1.0,0.0
41.2,6.0600000000000005,0.0,1.0,0.0
41.2219,6.0600000000000005,0.0,1.0,0.0
41.3,6.0600000000000005,0.0,1.0,0.0
41.3219,6.0600000000000005,0.0,1.0,0.0
41.4,6.0600000000000005,0.0,1.0,0.0
41.4219,6.0600000000000005,0.0,1.0,0.0
41.5,6.0600000000000005,0.0,1.0,0.0
41.5219,6.0600000000000005,0.0,1.0,0.0
41.6,6.0600000000000005,0.0,1.0,0.0
41.6219,6.0600000000000005,0.0,1.0,0.0
41.7,6.0600000000000005,0.0,1.0,0.0
41.7219,6.0600000000000005,0.0,1.0,0.0
41.8,6.0600000000000005,0.0,1.0,0.0
41.8219,6.0600000000000005,0.0,1.0,0.0
41.9,6.0600000000000005,0.0,1.0,0.0
41.9219,6.0600000000000005,0.0,1.0,0.0
42.0219,6.0600000000000005,0.0,1.0,0.0
42.1219,6.0600000000000005,0.0,1.0,0.0
42.2219,6.0600000000000005,0.0,1.0,0.0
42.3219,6.0600000000000005,0.0,1.0,0.0
42.4219,6.0600000000000005,0.0,1.0,0.0
42.5219,6.0600000000000005,0.0,1.0,0.0
42.6219,6.0600000000000005,0.0,1.0,0.0
42.7219,6.0600000000000005,0.0,1.0,0.0
42.8219,6.0600000000000005,0.0,1.0,0.0
42.9219,6.0600000000000005,0.0,1.0,0.0
43.0219,6.0600000000000005,0.0,1.0,0.0
43.1219,6.0600000000000005,0.0,1.0,0.0
43.2219,6.0600000000000005,0.0,1.0,0.0
43.3219,6.0600000000000005,0.0,1.0,0.0
43.4219,6.0600000000000005,0.0,1.0,0.0
43.5219,6.0600000000000005,0.0,1.0,0.0
43.6219,6.0600000000000005,0.0,1.0,0.0
43.7219,6.0600000000000005,0.0,1.0,0.0
43.8219,6.0600000000000005,0.0,1.0,0.0
43.9219,6.0600000000000005,0.0,1.0,0.0
